0,20140101,1000,0,0
3,20140101,1300,0,0
4,20140101,1600,0,0
5,20140101,1900,0,0
0,20140101,2200,0,0
0,20140101,1000,0,1
3,20140101,1300,0,1
4,20140101,1600,0,1
5,20140101,1900,0,1
0,20140101,2200,0,1
5,20140101,1000,0,2
4,20140101,1300,0,2
3,20140101,1600,0,2
0,20140101,1900,0,2
5,20140101,2200,0,2
0,20140101,1000,1,0
3,20140101,1300,1,0
4,20140101,1600,1,0
5,20140101,1900,1,0
0,20140101,2200,1,0
5,20140101,1000,1,1
4,20140101,1300,1,1
3,20140101,1600,1,1
0,20140101,1900,1,1
5,20140101,2200,1,1
0,20140101,1000,1,2
3,20140101,1300,1,2
4,20140101,1600,1,2
5,20140101,1900,1,2
0,20140101,2200,1,2
0,20140102,1000,0,0
3,20140102,1300,0,0
4,20140102,1600,0,0
5,20140102,1900,0,0
0,20140102,2200,0,0
0,20140102,1000,0,1
3,20140102,1300,0,1
4,20140102,1600,0,1
5,20140102,1900,0,1
0,20140102,2200,0,1
5,20140102,1000,0,2
4,20140102,1300,0,2
3,20140102,1600,0,2
0,20140102,1900,0,2
5,20140102,2200,0,2
0,20140102,1000,1,0
3,20140102,1300,1,0
4,20140102,1600,1,0
5,20140102,1900,1,0
0,20140102,2200,1,0
5,20140102,1000,1,1
4,20140102,1300,1,1
3,20140102,1600,1,1
0,20140102,1900,1,1
5,20140102,2200,1,1
0,20140102,1000,1,2
3,20140102,1300,1,2
4,20140102,1600,1,2
5,20140102,1900,1,2
0,20140102,2200,1,2
0,20140103,1000,0,0
3,20140103,1300,0,0
4,20140103,1600,0,0
5,20140103,1900,0,0
0,20140103,2200,0,0
0,20140103,1000,0,1
3,20140103,1300,0,1
4,20140103,1600,0,1
5,20140103,1900,0,1
0,20140103,2200,0,1
5,20140103,1000,0,2
4,20140103,1300,0,2
3,20140103,1600,0,2
0,20140103,1900,0,2
5,20140103,2200,0,2
0,20140103,1000,1,0
3,20140103,1300,1,0
4,20140103,1600,1,0
5,20140103,1900,1,0
0,20140103,2200,1,0
5,20140103,1000,1,1
4,20140103,1300,1,1
3,20140103,1600,1,1
0,20140103,1900,1,1
5,20140103,2200,1,1
0,20140103,1000,1,2
3,20140103,1300,1,2
4,20140103,1600,1,2
5,20140103,1900,1,2
0,20140103,2200,1,2
0,20140104,1000,0,0
3,20140104,1300,0,0
4,20140104,1600,0,0
5,20140104,1900,0,0
0,20140104,2200,0,0
0,20140104,1000,0,1
3,20140104,1300,0,1
4,20140104,1600,0,1
5,20140104,1900,0,1
0,20140104,2200,0,1
5,20140104,1000,0,2
4,20140104,1300,0,2
3,20140104,1600,0,2
0,20140104,1900,0,2
5,20140104,2200,0,2
0,20140104,1000,1,0
3,20140104,1300,1,0
4,20140104,1600,1,0
5,20140104,1900,1,0
0,20140104,2200,1,0
5,20140104,1000,1,1
4,20140104,1300,1,1
3,20140104,1600,1,1
0,20140104,1900,1,1
5,20140104,2200,1,1
0,20140104,1000,1,2
3,20140104,1300,1,2
4,20140104,1600,1,2
5,20140104,1900,1,2
0,20140104,2200,1,2
0,20140105,1000,0,0
3,20140105,1300,0,0
4,20140105,1600,0,0
5,20140105,1900,0,0
0,20140105,2200,0,0
0,20140105,1000,0,1
3,20140105,1300,0,1
4,20140105,1600,0,1
5,20140105,1900,0,1
0,20140105,2200,0,1
5,20140105,1000,0,2
4,20140105,1300,0,2
3,20140105,1600,0,2
0,20140105,1900,0,2
5,20140105,2200,0,2
0,20140105,1000,1,0
3,20140105,1300,1,0
4,20140105,1600,1,0
5,20140105,1900,1,0
0,20140105,2200,1,0
5,20140105,1000,1,1
4,20140105,1300,1,1
3,20140105,1600,1,1
0,20140105,1900,1,1
5,20140105,2200,1,1
0,20140105,1000,1,2
3,20140105,1300,1,2
4,20140105,1600,1,2
5,20140105,1900,1,2
0,20140105,2200,1,2
0,20140106,1000,0,0
3,20140106,1300,0,0
4,20140106,1600,0,0
5,20140106,1900,0,0
0,20140106,2200,0,0
0,20140106,1000,0,1
3,20140106,1300,0,1
4,20140106,1600,0,1
5,20140106,1900,0,1
0,20140106,2200,0,1
5,20140106,1000,0,2
4,20140106,1300,0,2
3,20140106,1600,0,2
0,20140106,1900,0,2
5,20140106,2200,0,2
0,20140106,1000,1,0
3,20140106,1300,1,0
4,20140106,1600,1,0
5,20140106,1900,1,0
0,20140106,2200,1,0
5,20140106,1000,1,1
4,20140106,1300,1,1
3,20140106,1600,1,1
0,20140106,1900,1,1
5,20140106,2200,1,1
0,20140106,1000,1,2
3,20140106,1300,1,2
4,20140106,1600,1,2
5,20140106,1900,1,2
0,20140106,2200,1,2
0,20140107,1000,0,0
3,20140107,1300,0,0
4,20140107,1600,0,0
5,20140107,1900,0,0
0,20140107,2200,0,0
0,20140107,1000,0,1
3,20140107,1300,0,1
4,20140107,1600,0,1
5,20140107,1900,0,1
0,20140107,2200,0,1
5,20140107,1000,0,2
4,20140107,1300,0,2
3,20140107,1600,0,2
0,20140107,1900,0,2
5,20140107,2200,0,2
0,20140107,1000,1,0
3,20140107,1300,1,0
4,20140107,1600,1,0
5,20140107,1900,1,0
0,20140107,2200,1,0
5,20140107,1000,1,1
4,20140107,1300,1,1
3,20140107,1600,1,1
0,20140107,1900,1,1
5,20140107,2200,1,1
0,20140107,1000,1,2
3,20140107,1300,1,2
4,20140107,1600,1,2
5,20140107,1900,1,2
0,20140107,2200,1,2
0,20140108,1000,0,0
3,20140108,1300,0,0
4,20140108,1600,0,0
5,20140108,1900,0,0
0,20140108,2200,0,0
0,20140108,1000,0,1
3,20140108,1300,0,1
4,20140108,1600,0,1
5,20140108,1900,0,1
0,20140108,2200,0,1
5,20140108,1000,0,2
4,20140108,1300,0,2
3,20140108,1600,0,2
0,20140108,1900,0,2
5,20140108,2200,0,2
0,20140108,1000,1,0
3,20140108,1300,1,0
4,20140108,1600,1,0
5,20140108,1900,1,0
0,20140108,2200,1,0
5,20140108,1000,1,1
4,20140108,1300,1,1
3,20140108,1600,1,1
0,20140108,1900,1,1
5,20140108,2200,1,1
0,20140108,1000,1,2
3,20140108,1300,1,2
4,20140108,1600,1,2
5,20140108,1900,1,2
0,20140108,2200,1,2
0,20140109,1000,0,0
3,20140109,1300,0,0
4,20140109,1600,0,0
5,20140109,1900,0,0
0,20140109,2200,0,0
0,20140109,1000,0,1
3,20140109,1300,0,1
4,20140109,1600,0,1
5,20140109,1900,0,1
0,20140109,2200,0,1
5,20140109,1000,0,2
4,20140109,1300,0,2
3,20140109,1600,0,2
0,20140109,1900,0,2
5,20140109,2200,0,2
0,20140109,1000,1,0
3,20140109,1300,1,0
4,20140109,1600,1,0
5,20140109,1900,1,0
0,20140109,2200,1,0
5,20140109,1000,1,1
4,20140109,1300,1,1
3,20140109,1600,1,1
0,20140109,1900,1,1
5,20140109,2200,1,1
0,20140109,1000,1,2
3,20140109,1300,1,2
4,20140109,1600,1,2
5,20140109,1900,1,2
0,20140109,2200,1,2
0,20140110,1000,0,0
3,20140110,1300,0,0
4,20140110,1600,0,0
5,20140110,1900,0,0
0,20140110,2200,0,0
0,20140110,1000,0,1
3,20140110,1300,0,1
4,20140110,1600,0,1
5,20140110,1900,0,1
0,20140110,2200,0,1
5,20140110,1000,0,2
4,20140110,1300,0,2
3,20140110,1600,0,2
0,20140110,1900,0,2
5,20140110,2200,0,2
0,20140110,1000,1,0
3,20140110,1300,1,0
4,20140110,1600,1,0
5,20140110,1900,1,0
0,20140110,2200,1,0
5,20140110,1000,1,1
4,20140110,1300,1,1
3,20140110,1600,1,1
0,20140110,1900,1,1
5,20140110,2200,1,1
0,20140110,1000,1,2
3,20140110,1300,1,2
4,20140110,1600,1,2
5,20140110,1900,1,2
0,20140110,2200,1,2
0,20140111,1000,0,0
3,20140111,1300,0,0
4,20140111,1600,0,0
5,20140111,1900,0,0
0,20140111,2200,0,0
0,20140111,1000,0,1
3,20140111,1300,0,1
4,20140111,1600,0,1
5,20140111,1900,0,1
0,20140111,2200,0,1
5,20140111,1000,0,2
4,20140111,1300,0,2
3,20140111,1600,0,2
0,20140111,1900,0,2
5,20140111,2200,0,2
0,20140111,1000,1,0
3,20140111,1300,1,0
4,20140111,1600,1,0
5,20140111,1900,1,0
0,20140111,2200,1,0
5,20140111,1000,1,1
4,20140111,1300,1,1
3,20140111,1600,1,1
0,20140111,1900,1,1
5,20140111,2200,1,1
0,20140111,1000,1,2
3,20140111,1300,1,2
4,20140111,1600,1,2
5,20140111,1900,1,2
0,20140111,2200,1,2
0,20140112,1000,0,0
3,20140112,1300,0,0
4,20140112,1600,0,0
5,20140112,1900,0,0
0,20140112,2200,0,0
0,20140112,1000,0,1
3,20140112,1300,0,1
4,20140112,1600,0,1
5,20140112,1900,0,1
0,20140112,2200,0,1
5,20140112,1000,0,2
4,20140112,1300,0,2
3,20140112,1600,0,2
0,20140112,1900,0,2
5,20140112,2200,0,2
0,20140112,1000,1,0
3,20140112,1300,1,0
4,20140112,1600,1,0
5,20140112,1900,1,0
0,20140112,2200,1,0
5,20140112,1000,1,1
4,20140112,1300,1,1
3,20140112,1600,1,1
0,20140112,1900,1,1
5,20140112,2200,1,1
0,20140112,1000,1,2
3,20140112,1300,1,2
4,20140112,1600,1,2
5,20140112,1900,1,2
0,20140112,2200,1,2
0,20140113,1000,0,0
3,20140113,1300,0,0
4,20140113,1600,0,0
5,20140113,1900,0,0
0,20140113,2200,0,0
0,20140113,1000,0,1
3,20140113,1300,0,1
4,20140113,1600,0,1
5,20140113,1900,0,1
0,20140113,2200,0,1
5,20140113,1000,0,2
4,20140113,1300,0,2
3,20140113,1600,0,2
0,20140113,1900,0,2
5,20140113,2200,0,2
0,20140113,1000,1,0
3,20140113,1300,1,0
4,20140113,1600,1,0
5,20140113,1900,1,0
0,20140113,2200,1,0
5,20140113,1000,1,1
4,20140113,1300,1,1
3,20140113,1600,1,1
0,20140113,1900,1,1
5,20140113,2200,1,1
0,20140113,1000,1,2
3,20140113,1300,1,2
4,20140113,1600,1,2
5,20140113,1900,1,2
0,20140113,2200,1,2
0,20140114,1000,0,0
3,20140114,1300,0,0
4,20140114,1600,0,0
5,20140114,1900,0,0
0,20140114,2200,0,0
0,20140114,1000,0,1
3,20140114,1300,0,1
4,20140114,1600,0,1
5,20140114,1900,0,1
0,20140114,2200,0,1
5,20140114,1000,0,2
4,20140114,1300,0,2
3,20140114,1600,0,2
0,20140114,1900,0,2
5,20140114,2200,0,2
0,20140114,1000,1,0
3,20140114,1300,1,0
4,20140114,1600,1,0
5,20140114,1900,1,0
0,20140114,2200,1,0
5,20140114,1000,1,1
4,20140114,1300,1,1
3,20140114,1600,1,1
0,20140114,1900,1,1
5,20140114,2200,1,1
0,20140114,1000,1,2
3,20140114,1300,1,2
4,20140114,1600,1,2
5,20140114,1900,1,2
0,20140114,2200,1,2
0,20140115,1000,0,0
3,20140115,1300,0,0
4,20140115,1600,0,0
5,20140115,1900,0,0
0,20140115,2200,0,0
0,20140115,1000,0,1
3,20140115,1300,0,1
4,20140115,1600,0,1
5,20140115,1900,0,1
0,20140115,2200,0,1
5,20140115,1000,0,2
4,20140115,1300,0,2
3,20140115,1600,0,2
0,20140115,1900,0,2
5,20140115,2200,0,2
0,20140115,1000,1,0
3,20140115,1300,1,0
4,20140115,1600,1,0
5,20140115,1900,1,0
0,20140115,2200,1,0
5,20140115,1000,1,1
4,20140115,1300,1,1
3,20140115,1600,1,1
0,20140115,1900,1,1
5,20140115,2200,1,1
0,20140115,1000,1,2
3,20140115,1300,1,2
4,20140115,1600,1,2
5,20140115,1900,1,2
0,20140115,2200,1,2
